2479959008
2528069381
2506261838
2521806388
2506751633
2454922855
2524202291
2440469434
2438211781
2511147044
2525810868
2504584763
2508820859
2521988223
2522031042
2502478249
2452793026
2450449216
2523475375
2519578655
2519381339
2504247299
2521030247
2519500261
2524031077
2504519631
2525452390
2450557369
2522730902
2502305932
2438347973
2504354745
2508641831
2521669378
2477402399
2515339437
2510756612
2523645512
2521160349
2523925191
2519304127
2508903361
2524119811
2482142961
2511192816
2508984462
2504438779
2524289078
2476919841
2522486340
2521547512
2504081168
2522277294
2484196001
2438923264
2515261660
2522518741
2484073587
2526571661
2515021916
2519945146
2530479268
2504746331
2501986398
2519681958
2479373372
2522255182
2502428208
2498036690
2527926557
2506690235
2525566002
2450013945
2455028459
2502387920
2508519627
2525905872
2523005484
2477608342
2508732666
2522868348
2522021209
2522165489
2521743304
2510927175
2502229047
2521458298
2522889565
2521929716
2514886654
2524350186
2482030715
2519727701
2525936759
2509022908
2504645577
2521344018
2479524232
2504180385
2511102484
2526630868
2438808693
2519205206
2511239695
2522129110
2522019610
2506471754
2442837594
2510831821
2477072702
2523718598
2515170516
2519876015
2488753749
2450233710
2483923230
2526692434
2526429133
2452882116
2523836370
2526354357
2525745437
2481604075
2522319724
2477275657
2523000065
2525604470
2497932825
2530576649
2523359413
2506349579
2526759078
2477508297
2488684011
2442971767
2522469944
2479865783
2522130935
2480045573
2522078549
2506602590
2521888035
2524443650
2481740292
2502091915
2522163083
2522713248
2525763415
2514770548
2524532644